27.8936872421857
33.6558984311803
0.7944449
3
28.3908079387587
33.1931802000219
0.6208333
0.7881944
28.2219621641023
33.4071015721178
3.919444
0.31875
27.1988758589361
34.8130881732865
7.8125
0.4524306
26.0309895556946
35.3409531965093
6.770833
0.1
25.3960409402602
35.6980157603445
10.34305
0.2701389
26.4734822867613
35.9792339660474
1.315278
0.6180555
22.9557905343193
37.0191786203935
18.40278
0.3385417
23.1086991493554
36.0631633957437
1.041667
1.274306
23.2806171615034
37.8825813177989
3.645833
0.7684028
23.9366710341445
37.2722306252999
6.770833
0.1
24.6719112189978
35.2114480265251
0.4472222
3
24.5901695083643
35.2002230595227
0.1
3
24.490435739243
35.4160155082147
0.7944444
0.5618055
24.2872646217042
35.5505187088628
1.315278
0.6833333
24.7327112396446
35.4182541080923
1.388889
0.6347222
25.0010837463083
35.1689511941126
0.9680555
1.327431
