31.440575190063
30.7342937735444
2.430556
0.2822917
31.4565421247612
30.786539279215
0.2736111
0.5861111
31.4822244185363
30.8471080234106
0.2736111
1.084375
31.3000589775166
31.9894703366647
3.472222
0.3142361
31.239968940907
32.1222642326981
0.2736111
0.9020833
31.2352025464094
30.187819067132
0.1736111
3
22.0348788254447
31.3422555264226
0.4472222
3
22.1915616723683
31.4868777415038
2.009722
0.4038194
22.4280003444863
31.7868941675875
0.6208333
1.347222
22.3172184750005
31.655799235794
0.4472222
0.5861111
22.4291090567198
31.9183681193724
0.6208333
0.6954861
22.3960657668853
32.0672549621404
1.836111
0.2458333
22.587436016227
32.3538572887184
3.572222
0.5253472
22.9024388939506
32.6081186548991
4.7875
0.1
23.131125393548
32.7783370465903
2.604167
0.8534722
23.6913280915646
32.9157042708724
3.125
0.6545139
23.9024421804507
32.8790077805546
0.1
3
24.4731983615531
32.9339280142801
5.729167
0.8854167
26.2165576219913
32.0234629342018
0.7944444
0.8611112
26.1549067103018
32.4851269294302
1.736111
0.2170139
26.9200849582243
31.4186427430898
3.645833
0.3385417
26.5713313259095
31.6925844599538
4.166667
0.4722222
27.6944231909292
30.7837996598359
3.572222
0.5861111
28.2687587221974
30.715978509252
1.909722
0.9263889
28.7434108877819
30.861961550467
2.430556
0.9704861
29.26269102785
31.1231375911162
0.4472222
0.8368056
29.9070681114525
31.2196320923342
2.777778
0.3506944
29.6409735732937
31.2926235778513
1.388889
0.1927083
29.405972423259
31.2244525437308
1.141667
0.3020833
30.0888075330748
31.2340476190082
1.141667
0.7517361
30.2654855479005
30.92038782084
1.736111
0.2413194
30.4229657842516
31.1101656270396
1.388889
0.2336806
30.5877583609778
31.2495877868318
2.183333
0.3673611
30.7441304748167
30.7898500629944
2.530555
0.5861111
30.8835204223206
31.6163378719143
1.488889
0.8534722
